2 - 10000000.txt
100.000000 59.346300 24.159904 5.979885 0.509141
2 - 100000000.txt
100.000000 64.617187 23.030816 5.900940 0.324941
2  - 200000000.txt
100.000000 66.348454 16.632224 7.165369 0.372737

4 10000000.txt
100.000000 36.468064 39.170991 10.001344 1.125204
4 100000000.txt
100.000000 54.213248 16.305430 11.588849 0.479363
4 200000000.txt
100.000000 53.946197 15.419666 12.732806 0.478481

8 10000000.txt
100.000000 18.066779 54.499892 11.791190 0.512809
8 100000000.txt
100.000000 32.478365 20.288088 20.043755 0.631715
8 200000000.txt
100.000000 38.099571 15.845517 19.486471 0.570731

16 10000000.txt
100.000000 15.178763 28.840060 27.868170 1.709435
16 100000000.txt
100.000000 16.636043 26.458116 28.151352 0.634502
16 200000000.txt
100.000000 18.410172 21.980314 29.425156 0.653769

32 10000000.txt
100.000000 6.674359  26.152021 38.740115 1.661470
32 100000000.txt
100.000000 8.158509  33.116202 34.347816 0.503135
32 200000000.txt
100.000000 10.618268 24.305186 38.481847 0.557589

64 10000000.txt
100.000000 3.437588  22.491392 49.614922 0.779851
64 100000000.txt
100.000000 5.701216  9.946434  54.339173 0.465361
64 200000000.txt
100.000000 4.556816  17.314222 54.836271 0.469834

128 10000000.txt
100.000000 1.325583  11.369995 68.493430 0.444310
128 100000000.txt
100.000000 1.251180  27.694601 57.181294 0.263317
128 200000000.txt
100.000000 1.316313  18.886811 64.464098 0.293057







2
1.328569 0.540861 0.133870 0.011398
2
13.720840 4.890373 1.253008 0.068998
2
24.301007 6.091774 2.624412 0.136520

4 10000000.txt
0.702977 0.755080 0.192791 0.021690
4 100000000.txt
7.989665 2.403009 1.707904 0.070646
4 200000000.txt
14.625463 4.180457 3.452017 0.129722

8 10000000.txt
0.370137 1.116548 0.241568 0.010506
8 100000000.txt
3.706518 2.315331 2.287447 0.072093
8 200000000.txt
8.855756 3.683087 4.529380 0.132659

16 10000000.txt
0.185180 0.351847 0.339990 0.020855
16 100000000.txt
1.903004 3.026555 3.220245 0.072581
16 200000000.txt
3.905633 4.663022 6.242411 0.138694

32 10000000.txt
0.086248 0.337944 0.500611 0.021470
32 100000000.txt
1.149392 4.665497 4.839010 0.070883
32 200000000.txt
2.627749 6.014910 9.523270 0.137989

64 10000000.txt
0.054602 0.357249 0.788074 0.012387
64 100000000.txt
0.835198 1.457100 7.960402 0.068173
64 200000000.txt
1.310431 4.979155 15.769596 0.135113

128 10000000.txt
0.028149 0.241444 1.454471 0.009435
128 100000000.txt
25.318509 0.316780 7.011860 14.477451 0.066668
128 200000000.txt
0.586899 8.420985 28.742343 0.130664



(4 0.702977) (8 0.370137) (16 0.185180) (32 0.086248) (64 0.054602) (128 0.028149)
  
(4 7.989665) (8 3.706518) (16 1.903004) (32 1.149392) (64 0.835198) (128 25.318509)
  
(4 14.625463) (8 8.855756) (16 3.905633) (32 2.627749) (64 1.310431) (128 0.586899)
