sortTime %f, saveTime %f, readtime %f, pure read 


2 10000000.txt
2.238672 1.328569 0.540861 0.133870 0.011398
2 100000000.txt
21.234041 13.720840 4.890373 1.253008 0.068998
2 200000000.txt
36.626335 24.301007 6.091774 2.624412 0.136520

4 10000000.txt
1.927651 0.702977 0.755080 0.192791 0.021690
4 100000000.txt
14.737477 7.989665 2.403009 1.707904 0.070646
4 200000000.txt
27.111203 14.625463 4.180457 3.452017 0.129722

8 10000000.txt
2.048716 0.370137 1.116548 0.241568 0.010506
8 100000000.txt
11.412268 3.706518 2.315331 2.287447 0.072093
8 200000000.txt
23.243716 8.855756 3.683087 4.529380 0.132659

16 10000000.txt
1.219994 0.185180 0.351847 0.339990 0.020855
16 100000000.txt
11.439042 1.903004 3.026555 3.220245 0.072581
16 200000000.txt
21.214538 3.905633 4.663022 6.242411 0.138694

32 10000000.txt
1.292229 0.086248 0.337944 0.500611 0.021470
32 100000000.txt
14.088261 1.149392 4.665497 4.839010 0.070883
32 200000000.txt
24.747435 2.627749 6.014910 9.523270 0.137989

64 10000000.txt
1.588381 0.054602 0.357249 0.788074 0.012387
64 100000000.txt
14.649472 0.835198 1.457100 7.960402 0.068173
64 200000000.txt
28.757601 1.310431 4.979155 15.769596 0.135113

128 10000000.txt
2.123519 0.028149 0.241444 1.454471 0.009435
128 100000000.txt
25.318509 0.316780 7.011860 14.477451 0.066668
128 200000000.txt
44.586590 0.586899 8.420985 28.742343 0.130664
