Jacobi,Gauss-Seidel,Red-Black - seq epsion = 0.001
43         27         26
131        86         82
285        215        208
360        357        347
360        374        361
360        374        361

0.057792   0.01843    0.065786
0.326193   0.269015   0.230133
3.18076    1.78843    1.58636
7.08417    6.59587    5.13336
13.9652    12.9231    12.8914
39.1292    39.276     37.2239

Jacobi,Gauss-Seidel,Red-Black - shm epsion = 0.001
43         29         26
131        96         82
285        242        208
360        412        347
360        396        361
360        384        361

0.169748   0.096871   0.120597
1.53658    0.572665   1.37933
5.50225    4.27667    6.32938
15.0425    17.764     23.4308
9.71945    12.0583    19.3997
15.4735    20.5423    27.4063


Jacobi,Gauss-Seidel,Red-Black - distr epsion = 0.001
43 31 26
131 85 82
285 213 208
360 356 347
360 391 361
360 374 361

6.20101 3.94065 3.22486
18.0123 10.6155 11.8998
37.8936 29.7121 31.2054
51.3213 53.1043 56.2863
74.7584 88.4176 111.76
97.5113 100.038 114.807
