Time total time, sortTime , saveTime , readtime , pure read ,send , IOtotal

2
1.328703    0.427094   0.129949    0.009238   0.353364    0.557043
0.626337    0.201328   0.061257    0.004355   0.166572    0.262584

2
13.716088   4.725183   1.259215    0.072278   2.532917    5.984398
0.650674    0.224157   0.059736    0.003429   0.120158    0.283892

2
24.309125   5.784883   2.621010    0.132819   6.068311    8.405893
0.668686    0.159128   0.072098    0.003654   0.166925    0.231226

4
0.703296    0.714508   0.183832    0.011204   0.445755    0.898340
0.374589    0.380561   0.097913    0.005967   0.237418    0.478474

4
8.118979    2.589680   1.685180    0.067867   4.235943    4.274860
0.539814    0.172182   0.112044    0.004512   0.281639    0.284227

4
14.626717   4.663132   3.446152    0.132504   8.138179    8.109284
0.530418    0.169102   0.124970    0.004805   0.295120    0.294072

8
0.369983    0.442243   0.239372    0.009037   0.550063    0.681615
0.268938    0.321463   0.173998    0.006569   0.399837    0.495461

8
3.704798    2.241402   2.278283    0.064409   5.300364    4.519685
0.327203    0.197958   0.201215    0.005689   0.468122    0.399173

8
8.860398    3.807289   4.525749    0.133045   10.553000   8.333038
0.379078    0.162889   0.193627    0.005692   0.451494    0.356516

16
0.169974    1.854014   0.338074    0.018846   0.657893    2.192088
0.062853    0.685577   0.125013    0.006969   0.243275    0.810590

16
1.774904    2.964012   3.209666    0.068849   6.423183    6.173678
0.157888    0.263666   0.285519    0.006125   0.571380    0.549185

16
3.905398    4.390796   6.231609    0.132799   12.484996   10.622405
0.186577    0.209767   0.297710    0.006344   0.596461    0.507477

32
0.086224    0.339045   0.489699    0.017044   0.836083    0.828744
0.067267    0.264503   0.382035    0.013297   0.652264    0.646538

32
1.148681    4.647112   4.829380    0.066532   8.185351    9.476492
0.081711    0.330571   0.343537    0.004733   0.582263    0.674108

32
2.639215    6.015430   9.509821    0.137481   16.989724   15.525251
0.102290    0.233145   0.368579    0.005328   0.658484    0.601724

64
0.054597    0.428360   0.785182    0.009995   1.162854    1.213542
0.032889    0.258046   0.472997    0.006021   0.700508    0.731043

64
0.627734    7.168840   7.941280    0.067164   11.257118   15.110120
0.032811    0.374705   0.415079    0.003511   0.588393    0.789783

64
1.309107    8.602999   15.769475   0.130074   22.306397   24.372474
0.040441    0.265761   0.487146    0.004018   0.689082    0.752907

128
0.028149    5.744231   2.135824    0.016173   2.516623    7.880055
0.003387    0.691243   0.257018    0.001946   0.302842    0.948261

128
0.358940    7.029157   21.209136   0.065597   24.660210   28.238293
0.011172    0.218790   0.660158    0.002042   0.767577    0.878949

128
0.655205    8.339335   28.759523   0.136569   35.430999   37.098858
0.014698    0.187075   0.645159    0.003064   0.794820    0.832235

Total IO 10^7
(2,     0.557043)
(4,     0.898340)
(8,     0.681615)
(16,    2.192088)
(32,    0.828744)
(64,    1.213542)
(128,   7.880055)

Total IO 10^8
(2,     5.984398 )
(4,     4.274860 )
(8,     4.519685 )
(16,    6.173678 )
(32,    9.476492 )
(64,    15.110120)
(128,   28.238293)

Total IO 20^8
(2,     8.405893 )
(4,     8.109284 )
(8,     8.333038 )
(16,    10.622405)
(32,    15.525251)
(64,    24.372474)
(128,   37.098858)









2
(6,  26.2584) 
(10, 28.3892) 
(14, 23.1226)
          
4          
(6,    47.8474)
(10,   28.4227)
(14,   29.4072)
          
8          
(6,    49.5461)
(10,   39.9173)
(14,   35.6516)
          
16          
(6,    81.0590)
(10,   54.9185)
(14,   50.7477)
          
32          
(6,    64.6538)
(10,   67.4108)
(14,   60.1724)
          
64          
(6,    73.1043)
(10,   78.9783)
(14,   75.2907)
          
128          
(6,    94.8261)
(10,   87.8949)
(14,   83.2235)
